A2C:
  action_noise_std: 0.28914889857937226
  ent_coef: 0.0006879348778607822
  gae_lambda: 0.8108048706843879
  gamma: 0.8450195437492705
  learning_rate: 0.00027452918275088406
  max_grad_norm: 0.5218860171185643
  n_steps: 10
  vf_coef: 0.31437581106350837
DDPG:
  action_noise_std: 0.23112377880984908
  batch_size: 128
  buffer_size: 637829
  gamma: 0.8737986838754339
  gradient_steps: 3
  learning_rate: 0.0001089964700429417
  learning_starts: 6553
  tau: 0.05883361956000883
  train_freq: 1
PPO:
  batch_size: 64
  clip_range: 0.1843473458738071
  ent_coef: 6.288087553382724e-05
  gae_lambda: 0.8881568455726692
  gamma: 0.9925946793947176
  learning_rate: 0.0005374399391671351
  max_grad_norm: 0.7287441830733534
  n_epochs: 10
  n_steps: 2048
  vf_coef: 0.7908856320251639
TD3:
  action_noise: 0.20430124711947215
  action_noise_std: 0.1706275952291897
  batch_size: 64
  buffer_size: 732075
  gamma: 0.943739339656546
  gradient_steps: 8
  learning_rate: 0.0005506111503347673
  learning_starts: 3940
  policy_delay: 3
  policy_kwargs: dict( activation_fn=nn.ELU, net_arch=[32, 32, dict(pi=[256, 128,
    64], vf=[256, 128, 64])] )
  target_policy_noise: 0.003662169109049747
  tau: 0.07590088214617362
  train_freq: 4
