# hyperparameters.yaml
PPO:
  n_steps: 2048 
  batch_size: 64
  gamma: 0.9925946793947176
  learning_rate: 0.0005374399391671351
  clip_range: 0.12384784974010783
  gae_lambda: 0.8500000000000001
  ent_coef: 0.006219616215552006
  vf_coef: 0.7908856320251639
  max_grad_norm: 0.6723668077382097
  n_epochs: 10

TD3:
  n_steps: 2048 
  batch_size: 32
  buffer_size: 1000000
  gamma: 0.9410860417285466
  learning_rate: 0.00023187992971709332
  policy_delay: 2
  policy_layer1: 128
  policy_layer2: 64
  tau: 0.005
  train_freq: 1
  gradient_steps: 1

SAC:
  batch_size: 64
  gamma: 0.99
  learning_rate: 0.0003
  buffer_size: 1000000
  tau: 0.005
  train_freq: 1
  gradient_steps: 1
  ent_coef: "auto"

DDPG:
  batch_size: 64
  gamma: 0.99
  learning_rate: 0.0003
  buffer_size: 1000000
  tau: 0.005
  train_freq: 1
  gradient_steps: 1

A2C:
  n_steps: 5
  gamma: 0.99
  learning_rate: 0.0007
  ent_coef: 0.0
  vf_coef: 0.5
  max_grad_norm: 0.5
  rms_prop_eps: 1e-5
  use_rms_prop: true
  use_sde: false